Project Name

SPECIES 5
A 1.0 1.0 0
B 1.0 0.5 0
C 1.0 -1.0 0
D 1.0 0.0 0
E 1.0 0.0 6000

MOLECULES 4
MOL_A
nummols 20
beads 20
B	0.0000	0.0000	0.0000
A	-0.1205	0.2991	-0.9466
B	-0.7231	1.0760	-0.7643
A	-0.7742	1.0415	0.2338
B	-1.2233	0.8653	-0.6422
A	-1.1081	0.7568	-1.6296
B	-0.3871	1.0426	-2.2610
A	-1.2320	0.9611	-2.7896
B	-1.0778	1.7263	-3.4146
A	-0.9173	1.8799	-2.4396
B	0.0258	1.8822	-2.7723
A	-0.1564	1.6026	-3.7149
B	-0.8028	0.9143	-3.3855
A	0.0338	1.3543	-3.0591
B	-0.4064	0.9860	-2.2402
A	-0.7357	0.2903	-2.8786
B	0.1417	0.7048	-3.1203
A	0.9870	1.1708	-2.8590
B	0.7711	0.7782	-1.9650
A	0.5894	0.5723	-1.0034
bonds 19
harm 1 2 100.0 1.0
harm 2 3 100.0 1.0
harm 3 4 100.0 1.0
harm 4 5 100.0 1.0
harm 5 6 100.0 1.0
harm 6 7 100.0 1.0
harm 7 8 100.0 1.0
harm 8 9 100.0 1.0
harm 9 10 100.0 1.0
harm 10 11 100.0 1.0
harm 11 12 100.0 1.0
harm 12 13 100.0 1.0
harm 13 14 100.0 1.0
harm 14 15 100.0 1.0
harm 15 16 100.0 1.0
harm 16 17 100.0 1.0
harm 17 18 100.0 1.0
harm 18 19 100.0 1.0
harm 19 20 100.0 1.0
finish
MOL_B
nummols 20
beads 20
B	0.0000	0.0000	0.0000
B	0.1992	-0.5683	-0.7984
B	0.3386	-1.1322	-1.6123
B	0.5035	-1.5761	-0.7316
B	0.4799	-2.5462	-0.9734
B	0.3993	-2.9262	-0.0519
B	0.3563	-2.6771	-1.0194
B	0.7955	-2.3034	-1.8364
B	0.6711	-3.0722	-1.2091
B	0.7076	-2.9950	-2.2055
B	0.5163	-2.1063	-1.7888
B	0.4288	-2.0475	-2.7833
B	1.0486	-1.5078	-3.3530
B	1.3382	-2.1967	-2.6885
B	1.6213	-2.5604	-3.5760
B	1.6660	-1.8703	-2.8537
B	1.4882	-0.9362	-3.1634
B	0.9545	-1.7816	-3.1865
B	0.7763	-1.7738	-2.2025
B	0.8287	-2.3314	-1.3741
bonds 19
harm 1 2 100.0 1.0
harm 2 3 100.0 1.0
harm 3 4 100.0 1.0
harm 4 5 100.0 1.0
harm 5 6 100.0 1.0
harm 6 7 100.0 1.0
harm 7 8 100.0 1.0
harm 8 9 100.0 1.0
harm 9 10 100.0 1.0
harm 10 11 100.0 1.0
harm 11 12 100.0 1.0
harm 12 13 100.0 1.0
harm 13 14 100.0 1.0
harm 14 15 100.0 1.0
harm 15 16 100.0 1.0
harm 16 17 100.0 1.0
harm 17 18 100.0 1.0
harm 18 19 100.0 1.0
harm 19 20 100.0 1.0
finish
MOL_C
nummols 30
beads 20
C	0.0000	0.0000	0.0000
C	0.7794	-0.6107	0.1395
C	1.0433	0.0119	-0.5972
C	1.0954	-0.1151	-1.5877
C	1.0797	0.0472	-2.5743
C	0.3517	-0.0402	-1.8943
C	0.2663	-0.2121	-2.8757
C	1.2156	-0.0149	-2.6310
C	1.0070	0.8764	-3.0335
C	0.1008	0.5430	-3.2938
C	-0.1723	1.1783	-2.5714
C	0.0224	0.8459	-3.4942
C	-0.2652	0.7774	-2.5389
C	-0.5570	0.7445	-1.5830
C	-0.9621	1.6424	-1.7556
C	-0.9645	1.6402	-0.7556
C	-1.8175	2.1457	-0.8850
C	-1.1780	2.1219	-1.6534
C	-1.5782	2.6576	-0.9098
C	-2.3246	2.5426	-1.5653
bonds 19
harm 1 2 100.0 1.0
harm 2 3 100.0 1.0
harm 3 4 100.0 1.0
harm 4 5 100.0 1.0
harm 5 6 100.0 1.0
harm 6 7 100.0 1.0
harm 7 8 100.0 1.0
harm 8 9 100.0 1.0
harm 9 10 100.0 1.0
harm 10 11 100.0 1.0
harm 11 12 100.0 1.0
harm 12 13 100.0 1.0
harm 13 14 100.0 1.0
harm 14 15 100.0 1.0
harm 15 16 100.0 1.0
harm 16 17 100.0 1.0
harm 17 18 100.0 1.0
harm 18 19 100.0 1.0
harm 19 20 100.0 1.0
finish
MOL_D
nummols 20
beads 20
D	0.0000	0.0000	0.0000
D	0.4403	0.2644	-0.8581
D	0.3104	0.1007	-1.8360
D	0.3841	0.0404	-0.8405
D	0.5149	-0.8008	-0.3159
D	0.1667	-0.5108	-1.2073
D	0.8326	0.1974	-1.4419
D	0.6802	-0.0694	-0.4902
D	0.8039	-1.0508	-0.3435
D	0.6328	-1.9318	0.0976
D	-0.3622	-1.9152	0.1957
D	-0.0309	-1.8458	1.1367
D	0.1897	-1.5623	2.0700
D	0.5297	-1.2057	1.1998
D	-0.2495	-1.7419	0.8752
D	-0.1748	-1.7321	-0.1219
D	-0.3636	-2.6825	-0.3692
D	-1.2051	-2.3718	-0.8112
D	-1.0437	-2.2836	0.1718
D	-1.3818	-1.5763	-0.4491
bonds 19
harm 1 2 100.0 1.0
harm 2 3 100.0 1.0
harm 3 4 100.0 1.0
harm 4 5 100.0 1.0
harm 5 6 100.0 1.0
harm 6 7 100.0 1.0
harm 7 8 100.0 1.0
harm 8 9 100.0 1.0
harm 9 10 100.0 1.0
harm 10 11 100.0 1.0
harm 11 12 100.0 1.0
harm 12 13 100.0 1.0
harm 13 14 100.0 1.0
harm 14 15 100.0 1.0
harm 15 16 100.0 1.0
harm 16 17 100.0 1.0
harm 17 18 100.0 1.0
harm 18 19 100.0 1.0
harm 19 20 100.0 1.0
finish

INTERACTIONS 15
A A dpd 30.0 1.8 5.0 
A B dpd 30.0 1.8 5.0 
A C dpd 30.0 1.8 5.0 
A D dpd 30.0 1.8 5.0 
A E dpd 30.0 1.8 5.0 
B B dpd 25.0 1.0 6.7 
B C dpd 25.0 1.0 6.7 
B D dpd 25.0 1.0 6.7 
B E dpd 25.0 1.0 6.7 
C C dpd 25.0 1.0 6.7 
C D dpd 21.0 0.9 3.3 
C E dpd 25.0 1.0 6.7 
D D dpd 25.0 1.0 6.7 
D E dpd 25.0 1.0 6.7 
E E dpd 25.0 1.0 6.7 

CLOSE